1_DLinear_ETTh2_ftM_sl90_ll48_pl96_dm512_nh8_el2_dl1_df2048_fc1_ebtimeF_dtTrue_'Exp'_0  
mse:0.35386839509010315, mae:0.4057846665382385, rse:0.47935986518859863, corr:[0.28065702 0.2784168  0.27656832 0.27541822 0.27401802 0.2726443
 0.27191684 0.27058178 0.26950938 0.26810515 0.26708513 0.26575053
 0.26404896 0.26259813 0.26156047 0.26064703 0.25989124 0.25927752
 0.25857309 0.2576593  0.25672877 0.25564823 0.25440064 0.2531333
 0.25013784 0.24758905 0.24534969 0.24382655 0.2423892  0.24100277
 0.2400718  0.23871486 0.2371847  0.2356142  0.23440866 0.23322082
 0.23160264 0.23004472 0.22908966 0.22799534 0.22715844 0.2264861
 0.22602336 0.22516857 0.22416753 0.22315526 0.22187954 0.22057001
 0.21733768 0.21476504 0.21243596 0.2107051  0.20905796 0.20770971
 0.20668475 0.20497496 0.2038627  0.2027928  0.20194584 0.20103343
 0.20017828 0.19933963 0.19904394 0.19867578 0.19830582 0.19791469
 0.19755673 0.19711412 0.1966627  0.19616109 0.1954719  0.19477783
 0.19234283 0.19085056 0.18953761 0.18851277 0.18771301 0.18736118
 0.18778667 0.18712297 0.18676488 0.1863733  0.18623148 0.18597536
 0.18554682 0.18501468 0.18499674 0.18486202 0.18468264 0.18435277
 0.18408197 0.18364488 0.18326445 0.18284677 0.18216112 0.18163177]

1_DLinear_ETTh2_ftM_sl90_ll48_pl24_dm512_nh8_el2_dl1_df2048_fc1_ebtimeF_dtTrue_'Exp'_0  
mse:0.1933702826499939, mae:0.29107508063316345, rse:0.3556457757949829, corr:[0.28612477 0.2840082  0.28218624 0.2811015  0.27976614 0.27844712
 0.2776907  0.27638707 0.27536908 0.2740396  0.2730937  0.27168724
 0.2700667  0.26866576 0.26767704 0.26681697 0.2660207  0.2654536
 0.2647624  0.26393977 0.26297283 0.2619521  0.26076806 0.2596056 ]

1_DLinear_ETTh2_ftM_sl90_ll48_pl48_dm512_nh8_el2_dl1_df2048_fc1_ebtimeF_dtTrue_'Exp'_0  
mse:0.2596481740474701, mae:0.3412906527519226, rse:0.41113561391830444, corr:[0.2833455  0.28123543 0.27939942 0.27831376 0.27689427 0.27555525
 0.2748393  0.27354914 0.27247316 0.27112383 0.2700805  0.26871938
 0.26702723 0.265569   0.26454392 0.26369968 0.2629242  0.26225844
 0.26158175 0.26070723 0.25977612 0.25874895 0.2575452  0.2563286
 0.2533508  0.2509357  0.24874364 0.24720417 0.24585027 0.24450713
 0.24358007 0.2422433  0.24073304 0.23927234 0.2380837  0.23703736
 0.2354111  0.23388417 0.23293182 0.2319732  0.23121037 0.2305995
 0.23017256 0.2293536  0.22851485 0.22744918 0.22630054 0.22506359]

1_DLinear_custom_ftS_sl90_ll48_pl48_dm512_nh8_el2_dl1_df2048_fc1_ebtimeF_dtTrue_'Exp'_0  
mse:0.44760003685951233, mae:0.5049341917037964, rse:0.8566401600837708, corr:[0.41233802 0.4020965  0.3910485  0.3830142  0.37441832 0.371842
 0.37092265 0.37363175 0.37450573 0.37511775 0.37595809 0.37478557
 0.37355062 0.37430182 0.37537166 0.3742684  0.37381735 0.37437755
 0.37455344 0.3743921  0.37312773 0.37302563 0.3733436  0.3714392
 0.3631345  0.35361895 0.34866172 0.34732315 0.34791744 0.35032535
 0.352983   0.35463908 0.35423946 0.35453352 0.3548237  0.35392228
 0.35318756 0.35376936 0.35387844 0.3538028  0.35322884 0.35316005
 0.3532978  0.35277128 0.35248438 0.35251766 0.35331365 0.35061094]

1_DLinear_custom_ftS_sl90_ll48_pl24_dm512_nh8_el2_dl1_df2048_fc1_ebtimeF_dtTrue_'Exp'_0  
mse:0.43344050645828247, mae:0.49234363436698914, rse:0.8427199125289917, corr:[0.41471258 0.40427378 0.39319694 0.38506636 0.37589103 0.37330848
 0.3723073  0.3749394  0.37563574 0.37626362 0.3774138  0.37620765
 0.37503514 0.37560084 0.37696373 0.3762679  0.37578145 0.3766692
 0.37675142 0.37642387 0.37530375 0.37487426 0.37509575 0.37322375]

1_DLinear_custom_ftS_sl90_ll48_pl48_dm512_nh8_el2_dl1_df2048_fc1_ebtimeF_dtTrue_'Exp'_0  
mse:0.38603004813194275, mae:0.46065619587898254, rse:0.8590160608291626, corr:[0.416294   0.4044236  0.39093003 0.38283116 0.3720883  0.36998355
 0.37042966 0.3736577  0.3737213  0.37520793 0.37588835 0.37424135
 0.3731776  0.37448257 0.37493557 0.37237713 0.373565   0.37164026
 0.37279835 0.37309882 0.3719435  0.37238503 0.37183493 0.37027454
 0.3615442  0.35085094 0.34702697 0.3436153  0.34615815 0.34923348
 0.3515134  0.3529752  0.3530917  0.35177988 0.35340118 0.35128012
 0.35029757 0.3532549  0.35212505 0.3528899  0.35157177 0.35176235
 0.35055834 0.35245028 0.3503511  0.35138252 0.35104984 0.34975952]

1_DLinear_custom_ftS_sl180_ll48_pl48_dm512_nh8_el2_dl1_df2048_fc1_ebtimeF_dtTrue_'Exp'_0  
mse:0.4327540993690491, mae:0.49222829937934875, rse:0.8423139452934265, corr:[0.4172441  0.4081868  0.39715615 0.3906047  0.3847323  0.38234675
 0.38040286 0.38103232 0.3810828  0.38129324 0.38194144 0.38207603
 0.38098902 0.38177988 0.3821619  0.38141906 0.3813228  0.381798
 0.38164824 0.38217258 0.38223165 0.38265166 0.38242143 0.38181388
 0.37722254 0.37269026 0.37002766 0.36914152 0.3690329  0.36931434
 0.36977035 0.36892363 0.36888966 0.368965   0.36836842 0.36747772
 0.36608016 0.36630487 0.36706835 0.36671054 0.36684164 0.36669302
 0.36692715 0.36718684 0.36719248 0.3666002  0.36683956 0.3649749 ]

1_DLinear_custom_ftS_sl180_ll48_pl168_dm512_nh8_el2_dl1_df2048_fc1_ebtimeF_dtTrue_'Exp'_0  
mse:0.45094987750053406, mae:0.510527491569519, rse:0.8649994730949402, corr:[0.4138384  0.4033956  0.39254364 0.38641265 0.38065085 0.37873828
 0.37736747 0.37712523 0.37731075 0.37727082 0.37831703 0.377747
 0.37701893 0.37774596 0.37885305 0.378311   0.37829876 0.37854645
 0.37841395 0.37834135 0.37812695 0.3781914  0.37836134 0.37761757
 0.37401026 0.36979172 0.3672037  0.36627224 0.36619338 0.36618686
 0.36622566 0.36604106 0.36553413 0.36572474 0.3656159  0.36480787
 0.36362225 0.36402366 0.3638723  0.3638549  0.36377737 0.36401886
 0.36371586 0.36366642 0.36368877 0.363341   0.36368832 0.36250758
 0.36034897 0.35673067 0.35223284 0.3509823  0.3511417  0.3510053
 0.35067925 0.3504475  0.35030738 0.3502785  0.35038915 0.3505311
 0.350413   0.3505128  0.35085863 0.3511341  0.35140684 0.3515809
 0.35186392 0.35188878 0.35148996 0.3516018  0.35144097 0.35039896
 0.35034606 0.34831354 0.34589592 0.34492558 0.34481284 0.34471482
 0.34448233 0.3442878  0.34419203 0.3441694  0.34404024 0.34458557
 0.34391007 0.34440714 0.3455033  0.34579632 0.34595844 0.34594756
 0.34599447 0.3454484  0.34579265 0.34589487 0.34593266 0.34447318
 0.3430231  0.3414594  0.34036353 0.3402447  0.34367383 0.34487095
 0.34466198 0.34443665 0.34503907 0.3449948  0.3452097  0.3448692
 0.34626827 0.34685776 0.3467172  0.34664696 0.34666458 0.3463695
 0.34629104 0.3462147  0.34598997 0.34603393 0.34597948 0.3456233
 0.34512046 0.3436161  0.34259924 0.3424899  0.3419748  0.34155875
 0.34221244 0.34213263 0.34214786 0.34216774 0.34314978 0.3451191
 0.34634662 0.3469583  0.3461893  0.34673625 0.34683076 0.3465211
 0.3459775  0.3458607  0.34573758 0.34561363 0.34603056 0.34475052
 0.3434553  0.34356615 0.34185347 0.3416969  0.34302205 0.34279814
 0.3425835  0.3427058  0.34278283 0.34326887 0.3441507  0.34555024
 0.3510751  0.35216033 0.3526623  0.3527778  0.35264578 0.3524733
 0.35260844 0.3527208  0.35278797 0.35254306 0.35190588 0.35121635]

1_DLinear_custom_ftS_sl320_ll48_pl168_dm512_nh8_el2_dl1_df2048_fc1_ebtimeF_dtTrue_'Exp'_0  
mse:0.4411691129207611, mae:0.5018772482872009, rse:0.8555675148963928, corr:[0.41318774 0.40208533 0.39180797 0.38629067 0.38097304 0.3788804
 0.377823   0.37746963 0.37764087 0.37769043 0.37816292 0.37738594
 0.37623805 0.37663287 0.377499   0.3770061  0.3799572  0.38082954
 0.3806972  0.38056687 0.38055924 0.38055637 0.38092694 0.38000637
 0.37646177 0.37305367 0.37158576 0.37129238 0.37056875 0.37034082
 0.37016517 0.3705021  0.37034732 0.37042457 0.37043306 0.37005082
 0.36947414 0.36958018 0.36951363 0.36962572 0.3700515  0.37012774
 0.37018102 0.3702423  0.36977032 0.36939442 0.36921766 0.3685092
 0.36692646 0.3638465  0.360602   0.35944942 0.35905525 0.35891944
 0.35890704 0.35874575 0.3582923  0.3585475  0.3586227  0.35853007
 0.35827723 0.35891116 0.35932732 0.35944238 0.35949346 0.35982662
 0.3600205  0.35958296 0.35910764 0.35903293 0.3587406  0.35825264
 0.35772744 0.35627612 0.3540989  0.35379034 0.35353416 0.3533856
 0.35333484 0.35336632 0.3532933  0.35323504 0.3532059  0.35340813
 0.35304004 0.35321352 0.3547276  0.35554752 0.356203   0.35612467
 0.35618892 0.35640895 0.35627463 0.35637134 0.3565189  0.3548167
 0.35427028 0.35335064 0.35293654 0.35345966 0.3565855  0.35799965
 0.35820702 0.3576274  0.3577023  0.3578344  0.35814247 0.35814115
 0.35814166 0.35837576 0.35873732 0.35884655 0.3588922  0.35900524
 0.35916275 0.35925975 0.35900375 0.3587641  0.35871276 0.3585749
 0.35824135 0.35747704 0.3569118  0.35670674 0.35616004 0.35623327
 0.3562     0.35629413 0.35644612 0.35638306 0.356285   0.35639852
 0.35630003 0.35635963 0.3563544  0.35643107 0.35620975 0.35620204
 0.3558847  0.35597917 0.35594273 0.35613218 0.3562488  0.354949
 0.35409057 0.35431373 0.35346758 0.35327694 0.35418272 0.35414568
 0.35409206 0.35443863 0.35460323 0.35489967 0.35499653 0.3551594
 0.35523075 0.35490307 0.35581583 0.3558745  0.35683236 0.3567261
 0.35637468 0.3566246  0.3569305  0.35716522 0.3566016  0.3556406 ]

1_DLinear_custom_ftS_sl90_ll48_pl6_dm512_nh8_el2_dl1_df2048_fc1_ebtimeF_dtTrue_'Exp'_0  
mse:0.40878725051879883, mae:0.47307100892066956, rse:0.8182985782623291, corr:[0.41539714 0.40501016 0.39423746 0.38631597 0.37776175 0.37541625]

1_DLinear_custom_ftS_sl90_ll48_pl48_dm512_nh8_el2_dl1_df2048_fc1_ebtimeF_dtTrue_Exp_0  
mse:0.44760003685951233, mae:0.5049341917037964, rse:0.8566401600837708, corr:[0.41233802 0.4020965  0.3910485  0.3830142  0.37441832 0.371842
 0.37092265 0.37363175 0.37450573 0.37511775 0.37595809 0.37478557
 0.37355062 0.37430182 0.37537166 0.3742684  0.37381735 0.37437755
 0.37455344 0.3743921  0.37312773 0.37302563 0.3733436  0.3714392
 0.3631345  0.35361895 0.34866172 0.34732315 0.34791744 0.35032535
 0.352983   0.35463908 0.35423946 0.35453352 0.3548237  0.35392228
 0.35318756 0.35376936 0.35387844 0.3538028  0.35322884 0.35316005
 0.3532978  0.35277128 0.35248438 0.35251766 0.35331365 0.35061094]

1_DLinear_custom_ftS_sl48_ll48_pl48_dm512_nh8_el2_dl1_df2048_fc1_ebtimeF_dtTrue_Exp_0  
mse:0.4652293622493744, mae:0.519830048084259, rse:0.8733471632003784, corr:[0.40939128 0.39405265 0.3810095  0.36963776 0.3604892  0.357522
 0.35665575 0.35746446 0.35888678 0.35902444 0.3599135  0.35985142
 0.35876527 0.3607479  0.36237296 0.36162388 0.36169723 0.36153996
 0.36201134 0.36287963 0.36382505 0.36408138 0.36395133 0.3637753
 0.35593864 0.34759012 0.340442   0.33834818 0.33793774 0.33740887
 0.33729595 0.33757186 0.3373183  0.3364258  0.33672005 0.33620837
 0.3353104  0.33671045 0.3367487  0.33591324 0.33600307 0.33576816
 0.3352208  0.33497784 0.33600262 0.33695254 0.33901778 0.33710125]

1_DLinear_custom_ftS_sl120_ll48_pl48_dm512_nh8_el2_dl1_df2048_fc1_ebtimeF_dtTrue_Exp_0  
mse:0.4412957727909088, mae:0.4993807077407837, rse:0.8505859971046448, corr:[0.41304332 0.40310013 0.39095595 0.3853294  0.3784089  0.37617588
 0.37465808 0.37483826 0.37538287 0.3756077  0.37637272 0.37566465
 0.37499157 0.3755887  0.37695605 0.37609878 0.37583995 0.37653324
 0.37646046 0.3768405  0.37715313 0.37710655 0.37840223 0.3776965
 0.37074092 0.36414328 0.3608434  0.36018276 0.36009085 0.35990673
 0.3598971  0.3604674  0.3604019  0.36051303 0.36029407 0.359547
 0.35883904 0.3595023  0.35932216 0.35936335 0.359075   0.3587069
 0.35829693 0.35804266 0.35856137 0.3585302  0.35951793 0.3578558 ]

1_DLinear_custom_ftS_sl168_ll48_pl48_dm512_nh8_el2_dl1_df2048_fc1_ebtimeF_dtTrue_Exp_0  
mse:0.4326891005039215, mae:0.49202558398246765, rse:0.842250645160675, corr:[0.41578895 0.40689722 0.39555576 0.38908425 0.38344538 0.3817477
 0.38024655 0.38064662 0.38117662 0.3813236  0.38235965 0.3823913
 0.3811653  0.38181522 0.3825561  0.38134772 0.38123077 0.38177398
 0.38173595 0.38168    0.38139763 0.38123676 0.3817582  0.38112938
 0.3769423  0.37222266 0.37018415 0.3690412  0.36904    0.36886922
 0.36875752 0.36918753 0.36937422 0.36939397 0.36921206 0.36845106
 0.3674901  0.36776695 0.36717823 0.36712372 0.36713073 0.36694193
 0.36708197 0.36655185 0.36593097 0.3653791  0.3657304  0.36429766]

1_DLinear_custom_ftS_sl168_ll48_pl48_dm512_nh8_el2_dl1_df2048_fc1_ebtimeF_dtTrue_Exp_0  
mse:1.3805664777755737, mae:0.619309663772583, rse:0.8085779547691345, corr:[0.34409243 0.34876055 0.35313314 0.3566917  0.35844937 0.360201
 0.35944045 0.35605684 0.35085586 0.34595752 0.34200022 0.3396821
 0.3385317  0.33894134 0.3393596  0.3396535  0.34000087 0.33974832
 0.33991218 0.3399255  0.33935127 0.33816355 0.33662054 0.33579588
 0.33504057 0.334474   0.33378595 0.33390015 0.33362868 0.33379897
 0.33399862 0.33478823 0.33571133 0.33505848 0.3353986  0.33592305
 0.33541706 0.3344779  0.33450592 0.3354993  0.3353103  0.33499584
 0.33481827 0.33489248 0.33500645 0.33477104 0.334524   0.33511433]

1_DLinear_custom_merge_ftMS_sl128_ll48_pl48_dm512_nh8_el2_dl1_df2048_fc1_ebtimeF_dtTrue_'Exp'_0  
mse:0.13929545879364014, mae:0.28699761629104614, rse:0.8222406506538391, corr:[0.35727146 0.35355535 0.34925815 0.34469795 0.34008133 0.33560923
 0.33115092 0.3267834  0.32242936 0.31816256 0.31410053 0.31033158
 0.30731696 0.3047716  0.30287877 0.30163327 0.30073804 0.3002134
 0.29994547 0.29990155 0.30003804 0.3003643  0.30092016 0.3014443
 0.30190414 0.30248353 0.30288163 0.30320337 0.30352858 0.30365106
 0.30386645 0.30413163 0.30449468 0.30488804 0.30535457 0.30596712
 0.3068907  0.30783933 0.308515   0.3093819  0.31002992 0.3108038
 0.31126335 0.3118865  0.31255367 0.3132575  0.31402555 0.3148034 ]

1_DLinear_custom_merge_ftMS_sl128_ll48_pl48_dm512_nh8_el2_dl1_df2048_fc1_ebtimeF_dtTrue_'Exp'_0  
mse:0.1261925846338272, mae:0.2781454622745514, rse:0.7826135754585266, corr:[0.37243292 0.3699179  0.36731863 0.3647423  0.36229283 0.36010394
 0.35810772 0.35632658 0.35469562 0.35312256 0.35184592 0.35118306
 0.3504745  0.35055146 0.35047427 0.3503538  0.35070482 0.3512433
 0.35201308 0.35278404 0.35383278 0.35510695 0.35626587 0.35743922
 0.35892588 0.3601528  0.3615478  0.36277887 0.36390215 0.3650989
 0.36618626 0.36741257 0.36848575 0.36961353 0.37077987 0.3720055
 0.37261635 0.3732928  0.37443772 0.37502015 0.3755049  0.37561038
 0.37606868 0.37610698 0.37622097 0.37625602 0.3763728  0.37650573]

1_DLinear_custom_merge_ftMS_sl128_ll48_pl48_dm512_nh8_el2_dl1_df2048_fc1_ebtimeF_dtTrue_'Exp'_0  
mse:0.2001562863588333, mae:0.38528960943222046, rse:0.9856326580047607, corr:[0.37911695 0.37715915 0.3751918  0.3733326  0.37165907 0.37031618
 0.36910242 0.36810842 0.3672731  0.36652556 0.36600384 0.36578888
 0.3656535  0.36580688 0.3659507  0.3661347  0.36648858 0.36702067
 0.36762682 0.36835596 0.36915347 0.3700938  0.37114763 0.372246
 0.37333292 0.37443346 0.37547785 0.3764755  0.37749115 0.37836963
 0.3793612  0.3803569  0.381409   0.3824514  0.38342685 0.38440883
 0.38529027 0.3861086  0.38674384 0.38732767 0.38781074 0.38821703
 0.3884418  0.38854688 0.38858473 0.38862795 0.38868618 0.3888019 ]

1_DLinear_custom_merge_ftMS_sl128_ll48_pl48_dm512_nh8_el2_dl1_df2048_fc1_ebtimeF_dtTrue_'Exp'_0  
mse:0.1261925846338272, mae:0.2781454622745514, rse:0.7826135754585266, corr:[0.37243292 0.3699179  0.36731863 0.3647423  0.36229283 0.36010394
 0.35810772 0.35632658 0.35469562 0.35312256 0.35184592 0.35118306
 0.3504745  0.35055146 0.35047427 0.3503538  0.35070482 0.3512433
 0.35201308 0.35278404 0.35383278 0.35510695 0.35626587 0.35743922
 0.35892588 0.3601528  0.3615478  0.36277887 0.36390215 0.3650989
 0.36618626 0.36741257 0.36848575 0.36961353 0.37077987 0.3720055
 0.37261635 0.3732928  0.37443772 0.37502015 0.3755049  0.37561038
 0.37606868 0.37610698 0.37622097 0.37625602 0.3763728  0.37650573]

1_DLinear_custom_merge_ftMS_sl256_ll48_pl128_dm512_nh8_el2_dl1_df2048_fc1_ebtimeF_dtTrue_'Exp'_0  
mse:0.15132775902748108, mae:0.31188157200813293, rse:0.8523470759391785, corr:[0.34813696 0.3454194  0.34262916 0.33988324 0.3373515  0.33489475
 0.33264944 0.33056852 0.32863373 0.32687944 0.3253223  0.32398063
 0.3228373  0.32208976 0.32154197 0.32113338 0.32095426 0.3209349
 0.32114726 0.3213494  0.32190403 0.32261974 0.32350123 0.32452166
 0.3254727  0.32649034 0.32763812 0.32875705 0.3297213  0.33061448
 0.3316236  0.33247977 0.3333634  0.33429003 0.33515957 0.3360445
 0.3368916  0.33783165 0.33878875 0.33973885 0.34066528 0.34163895
 0.34257072 0.343369   0.3441142  0.344768   0.3453867  0.3459683
 0.3465038  0.3469485  0.34733132 0.3476812  0.3479492  0.3482211
 0.3484681  0.3486636  0.3487852  0.34885693 0.34892824 0.34899604
 0.34901786 0.34901822 0.34896526 0.34889805 0.34893402 0.34895912
 0.34893122 0.34889308 0.3488659  0.34875548 0.34863997 0.34843725
 0.3482029  0.34795243 0.3477778  0.34751132 0.34728104 0.34704936
 0.34681675 0.34661844 0.34645274 0.34629378 0.34612677 0.34601483
 0.3457779  0.34556687 0.34523585 0.34494075 0.34462702 0.34412083
 0.34352854 0.3428759  0.3420835  0.3412097  0.34013504 0.33892512
 0.337601   0.33614704 0.33472502 0.3332383  0.33187956 0.33061507
 0.32944262 0.3283433  0.32711485 0.32589465 0.32472748 0.32359424
 0.3225834  0.32174873 0.32106853 0.3204193  0.31976476 0.31905454
 0.31844112 0.31796202 0.31760964 0.31734043 0.31716958 0.3171
 0.3171657  0.3172695  0.31753093 0.31779337 0.31814817 0.31842434
 0.3185186  0.31856903]

1_DLinear_custom_merge_ftMS_sl128_ll48_pl48_dm512_nh8_el2_dl1_df2048_fc1_ebtimeF_dtTrue_'Exp'_0  
mse:0.1261925846338272, mae:0.2781454622745514, rse:0.7826135754585266, corr:[0.37243292 0.3699179  0.36731863 0.3647423  0.36229283 0.36010394
 0.35810772 0.35632658 0.35469562 0.35312256 0.35184592 0.35118306
 0.3504745  0.35055146 0.35047427 0.3503538  0.35070482 0.3512433
 0.35201308 0.35278404 0.35383278 0.35510695 0.35626587 0.35743922
 0.35892588 0.3601528  0.3615478  0.36277887 0.36390215 0.3650989
 0.36618626 0.36741257 0.36848575 0.36961353 0.37077987 0.3720055
 0.37261635 0.3732928  0.37443772 0.37502015 0.3755049  0.37561038
 0.37606868 0.37610698 0.37622097 0.37625602 0.3763728  0.37650573]

1_DLinear_custom_merge_ftMS_sl128_ll48_pl48_dm512_nh8_el2_dl1_df2048_fc1_ebtimeF_dtTrue_'Exp'_0  
mse:0.13943986594676971, mae:0.2870776057243347, rse:0.8226667046546936, corr:[0.35735324 0.35360813 0.34926975 0.34470126 0.3401015  0.33558178
 0.33115909 0.3267347  0.322338   0.3181181  0.314054   0.31032103
 0.307221   0.30469057 0.30277577 0.30148846 0.30059978 0.30009764
 0.29983628 0.29981253 0.299946   0.30022907 0.30071634 0.30124834
 0.30163014 0.3022362  0.30259538 0.303004   0.30330342 0.30340466
 0.30370888 0.3040469  0.30442858 0.30491877 0.3054065  0.30600277
 0.30682793 0.30780718 0.30856    0.30944303 0.31012702 0.31095004
 0.31137934 0.31206676 0.31263945 0.31329086 0.31406978 0.31484255]

1_DLinear_custom_merge_ftMS_sl300_ll48_pl48_dm512_nh8_el2_dl1_df2048_fc1_ebtimeF_dtTrue_'Exp'_0  
mse:0.10953386127948761, mae:0.24797038733959198, rse:0.729129433631897, corr:[0.3539568  0.3500387  0.34564802 0.34122765 0.3370055  0.33299014
 0.32924476 0.32556212 0.3220244  0.3186794  0.31553525 0.31271306
 0.31035343 0.30855036 0.3071487  0.3061533  0.30549145 0.30512798
 0.30486155 0.30478808 0.30492538 0.3051856  0.30566022 0.30609912
 0.30638966 0.30685344 0.3073701  0.3078783  0.30834168 0.30876833
 0.309219   0.30982655 0.31053022 0.31127995 0.31221995 0.3130754
 0.31414336 0.31515664 0.3164129  0.31754664 0.3185443  0.31962132
 0.32051605 0.3213108  0.32205394 0.32275832 0.3235456  0.32419425]

1_DLinear_custom_merge_ftMS_sl300_ll48_pl48_dm512_nh8_el2_dl1_df2048_fc1_ebtimeF_dtTrue_'Exp'_0  
mse:0.2989596128463745, mae:0.4759155809879303, rse:1.2045830488204956, corr:[0.24304338 0.24172324 0.24082923 0.23991266 0.23910198 0.23843986
 0.23784707 0.237724   0.23773575 0.2382298  0.23858957 0.23913749
 0.24000774 0.24104787 0.24226396 0.24373248 0.24536571 0.24735461
 0.24931929 0.25161237 0.25397927 0.2566067  0.25918627 0.26184142
 0.2647045  0.2677471  0.27071032 0.27385214 0.27680537 0.2798269
 0.28292382 0.28559178 0.2883668  0.2913114  0.29322767 0.2965972
 0.29824853 0.30020684 0.3015148  0.3034205  0.30521604 0.30599073
 0.30672747 0.30702442 0.3072802  0.307538   0.30791587 0.3087449 ]

1_DLinear_custom_merge_ftMS_sl300_ll48_pl48_dm512_nh8_el2_dl1_df2048_fc1_ebtimeF_dtTrue_'Exp'_0  
mse:0.22840456664562225, mae:0.37517213821411133, rse:1.0528895854949951, corr:[0.26990852 0.2628095  0.25517288 0.24734873 0.23919892 0.23096332
 0.22270074 0.21454826 0.20661262 0.19907822 0.19188677 0.1851281
 0.17902608 0.17396179 0.16961135 0.16588694 0.1626547  0.15969951
 0.15698749 0.1543902  0.15197204 0.14983334 0.14758487 0.14532305
 0.14291216 0.1407515  0.1385802  0.13635819 0.13401113 0.13205272
 0.13028975 0.12847511 0.12686297 0.12548688 0.12411777 0.12314075
 0.12229825 0.12167623 0.12100784 0.1203301  0.11917283 0.11787518
 0.11675665 0.11597307 0.11511759 0.1141974  0.11318521 0.11243415]

1_DLinear_custom_merge_ftMS_sl128_ll48_pl48_dm512_nh8_el2_dl1_df2048_fc1_ebtimeF_dtTrue_'Exp'_0  
mse:0.15766802430152893, mae:0.3102506101131439, rse:0.8696802854537964, corr:[0.36690035 0.3648241  0.3629554  0.36094323 0.35922724 0.35751387
 0.35612977 0.35475552 0.3535569  0.35274684 0.35200545 0.35129482
 0.35111794 0.3508523  0.35093486 0.35121277 0.35155764 0.35204384
 0.3525915  0.35329947 0.3540422  0.35482714 0.3556963  0.35652205
 0.3572414  0.35810465 0.35879108 0.35948917 0.36012343 0.3606317
 0.36111292 0.36159986 0.3621103  0.36261982 0.36313078 0.3636025
 0.36404365 0.36444    0.36474338 0.36493003 0.36501843 0.3651816
 0.36509573 0.365086   0.36506927 0.36508873 0.36510783 0.3651916 ]

1_DLinear_custom_merge_ftMS_sl128_ll48_pl48_dm512_nh8_el2_dl1_df2048_fc1_ebtimeF_dtTrue_'Exp'_0  
mse:0.12611591815948486, mae:0.2780947983264923, rse:0.7823758125305176, corr:[0.372345   0.369804   0.36722162 0.36458424 0.36214972 0.35993323
 0.35790968 0.35611206 0.3544939  0.352927   0.35167578 0.35098007
 0.35032263 0.35034576 0.35028592 0.35023442 0.35063323 0.35117656
 0.3519001  0.35266727 0.35373095 0.35500088 0.356223   0.35742867
 0.35890076 0.3601468  0.36152    0.362774   0.3639332  0.36520538
 0.366258   0.36746946 0.3685407  0.3696694  0.37086883 0.3721625
 0.37274405 0.37337485 0.37447992 0.37503046 0.37550572 0.37564334
 0.37608382 0.37608528 0.3761897  0.37625217 0.3763733  0.3764958 ]

1_DLinear_custom_ftMS_sl128_ll48_pl48_dm512_nh8_el2_dl1_df2048_fc1_ebtimeF_dtTrue_'Exp'_0  
mse:0.13897190988063812, mae:0.2863975465297699, rse:0.8212851881980896, corr:[0.35724726 0.3534892  0.3491947  0.3446452  0.34005725 0.3355844
 0.3311538  0.32672969 0.32234907 0.31807452 0.31399953 0.31024098
 0.30715883 0.30459526 0.30273092 0.30139273 0.30043805 0.29986876
 0.29955366 0.29951888 0.29970682 0.2999785  0.3005672  0.30116713
 0.30158362 0.302114   0.3024701  0.30282536 0.3031747  0.30333063
 0.30367306 0.30399257 0.30436602 0.30480835 0.30524144 0.3058371
 0.3066933  0.3077001  0.30836117 0.30924165 0.30996397 0.31078854
 0.31111872 0.31176957 0.31234625 0.3129971  0.3136963  0.31446448]

1_DLinear_Merge_custom_ftMS_sl128_ll48_pl48_dm512_nh8_el2_dl1_df2048_fc1_ebtimeF_dtTrue_'Exp'_0  
mse:0.12775558233261108, mae:0.26906612515449524, rse:0.7874453067779541, corr:[0.34989074 0.34630153 0.34254512 0.33844364 0.3344719  0.33041286
 0.32646286 0.3225353  0.31874934 0.3151222  0.31174386 0.3088
 0.30626625 0.3044056  0.30291972 0.30181068 0.30117932 0.30081952
 0.30065802 0.30070132 0.30102906 0.3015635  0.3021827  0.3027937
 0.30351037 0.30416432 0.304831   0.30544323 0.30592903 0.30650923
 0.30697006 0.30756736 0.30812174 0.30880135 0.30961633 0.31048113
 0.3110346  0.3116149  0.31248873 0.31307638 0.31346437 0.31370014
 0.31395552 0.31419802 0.3144086  0.31473923 0.31513676 0.31558248]

1_DLinear_custom_ftMS_sl300_ll48_pl48_dm512_nh8_el2_dl1_df2048_fc1_ebtimeF_dtTrue_'Exp'_0  
mse:0.1090712919831276, mae:0.2471974492073059, rse:0.7275882959365845, corr:[0.35360458 0.34967566 0.3454835  0.34123084 0.3370478  0.33292007
 0.3290824  0.32544178 0.32191575 0.3185196  0.31528845 0.31234953
 0.3099662  0.30801705 0.3066307  0.30567366 0.30488154 0.30449206
 0.30426273 0.30420884 0.30435866 0.30464855 0.30516726 0.30571488
 0.30618733 0.3068151  0.30731338 0.3077453  0.3081912  0.3086142
 0.30916375 0.30978975 0.31056613 0.31130165 0.31226894 0.31310755
 0.31432703 0.31564763 0.31696925 0.31809092 0.31913137 0.32000607
 0.32089445 0.32172897 0.32245275 0.32318923 0.32385233 0.32448325]

1_DLinear_custom_ftMS_sl500_ll48_pl48_dm512_nh8_el2_dl1_df2048_fc1_ebtimeF_dtTrue_'Exp'_0  
mse:0.10635004937648773, mae:0.24578027427196503, rse:0.7184545397758484, corr:[0.35434356 0.35061184 0.34658247 0.34249404 0.3386596  0.3350001
 0.33153138 0.3281949  0.32505035 0.32213822 0.31931633 0.31691656
 0.31493816 0.31353438 0.3125114  0.31184363 0.3114229  0.31142622
 0.31150216 0.31170702 0.3122672  0.31282207 0.3135175  0.31420058
 0.31484863 0.31551716 0.31626725 0.31691742 0.3177424  0.31841516
 0.3193162  0.32015172 0.32101226 0.32202682 0.32299155 0.32401478
 0.32510528 0.32623267 0.3276265  0.32890338 0.3300047  0.33120602
 0.332331   0.3334957  0.33451822 0.33534288 0.33621895 0.3371317 ]

1_DLinear_custom_ftMS_sl500_ll48_pl64_dm512_nh8_el2_dl1_df2048_fc1_ebtimeF_dtTrue_'Exp'_0  
mse:0.11402227729558945, mae:0.2572287917137146, rse:0.743026614189148, corr:[0.35392344 0.3503685  0.3464617  0.34234416 0.33846298 0.33467665
 0.3313006  0.32809836 0.3249612  0.32202289 0.3192659  0.3168387
 0.31492501 0.3133749  0.31209388 0.31116548 0.31093657 0.31073686
 0.3107443  0.31103414 0.31169707 0.31250557 0.3133572  0.31437987
 0.31491795 0.31576464 0.31659922 0.31731778 0.31799433 0.31861335
 0.31951183 0.32037586 0.32132807 0.32229784 0.32302254 0.32408106
 0.3252756  0.32647517 0.3279145  0.32900843 0.33019692 0.33155975
 0.33254698 0.33349508 0.3344556  0.33521855 0.33618402 0.33712447
 0.33776316 0.33843687 0.33924735 0.3398169  0.34034145 0.341052
 0.34161147 0.34216443 0.3427241  0.34313163 0.3435282  0.34397495
 0.34446093 0.34515938 0.345682   0.34628335]

1_DLinear_custom_ftMS_sl500_ll48_pl128_dm512_nh8_el2_dl1_df2048_fc1_ebtimeF_dtTrue_'Exp'_0  
mse:0.13097655773162842, mae:0.2824934720993042, rse:0.7929648756980896, corr:[0.3530976  0.349323   0.34548423 0.34159133 0.3378029  0.334081
 0.33076438 0.32750124 0.3241246  0.32111317 0.3183352  0.31586626
 0.31409228 0.3129654  0.31198645 0.31146497 0.31117335 0.3111252
 0.31139845 0.31169534 0.31200698 0.3126774  0.31334558 0.31413004
 0.31470445 0.3158305  0.31640947 0.3168507  0.3175715  0.318271
 0.31874833 0.31953225 0.32024512 0.320889   0.32159534 0.32264236
 0.32366583 0.3248458  0.32597268 0.32736838 0.32861656 0.32982776
 0.3307828  0.33186096 0.33298048 0.3340302  0.33503962 0.3358627
 0.33696437 0.3380281  0.33881697 0.3398718  0.34057194 0.34122917
 0.34143037 0.34197307 0.3424186  0.34284988 0.34314537 0.3435812
 0.3440529  0.34475464 0.3452878  0.34562647 0.34593493 0.34607482
 0.3463477  0.34664243 0.34663218 0.34641925 0.3463416  0.3461367
 0.3459617  0.34596395 0.34548473 0.34471706 0.34434453 0.3438394
 0.34369612 0.34368083 0.34366518 0.3437437  0.34364745 0.34388342
 0.3439335  0.34416872 0.34410456 0.3441199  0.34406677 0.3439331
 0.34376785 0.34356216 0.34310645 0.34258038 0.34154585 0.34085646
 0.33975416 0.3384315  0.3369674  0.3353145  0.33363226 0.33224383
 0.33108133 0.32971698 0.32857406 0.32734257 0.326016   0.32479838
 0.32383853 0.3229102  0.32178995 0.32056275 0.3196056  0.31897458
 0.3182702  0.31751385 0.3165811  0.3157142  0.31539932 0.31500447
 0.3140594  0.31353113 0.31326634 0.31295735 0.313075   0.31313297
 0.3128121  0.31213552]

1_DLinear_custom_future_ftMS_sl90_ll48_pl48_dm512_nh8_el2_dl1_df2048_fc1_ebtimeF_dtTrue_'Exp'_0  
mse:0.14756619930267334, mae:0.29512542486190796, rse:0.8462991118431091, corr:[0.35824683 0.3543516  0.3498272  0.34475678 0.33944282 0.33404368
 0.32857057 0.322909   0.31730065 0.31163433 0.3063082  0.3013911
 0.2973605  0.29418355 0.29170528 0.28996757 0.28919482 0.28865963
 0.28893524 0.28930998 0.2898885  0.29079378 0.2916056  0.29259375
 0.2934945  0.2944043  0.29545334 0.29621503 0.29716524 0.29794255
 0.2986761  0.2994506  0.3002605  0.30089986 0.30180892 0.3027074
 0.30375224 0.3049922  0.30624652 0.3075941  0.30862358 0.3096426
 0.31058234 0.31157935 0.31225044 0.31300384 0.31367663 0.3143422 ]

1_DLinear_custom_future_ftMS_sl180_ll48_pl48_dm512_nh8_el2_dl1_df2048_fc1_ebtimeF_dtTrue_'Exp'_0  
mse:0.11813625693321228, mae:0.25911903381347656, rse:0.7572199702262878, corr:[0.35425964 0.35013857 0.3455695  0.34099072 0.33634943 0.33188772
 0.32759556 0.32345474 0.3193766  0.31542537 0.31177592 0.30841702
 0.3056477  0.3034413  0.3018044  0.30066612 0.29997963 0.29959306
 0.29945594 0.29943228 0.2996266  0.3000048  0.30054015 0.30100596
 0.30138096 0.30173677 0.30216816 0.30251768 0.30287606 0.30327272
 0.3037827  0.30448002 0.30523354 0.30619884 0.30733913 0.3083931
 0.30967486 0.31127155 0.3128711  0.3144621  0.31593436 0.31740358
 0.31883192 0.32022873 0.3214662  0.3226568  0.32375902 0.32477665]

1_DLinear_custom_future_ftMS_sl300_ll48_pl48_dm512_nh8_el2_dl1_df2048_fc1_ebtimeF_dtTrue_'Exp'_0  
mse:0.1090712919831276, mae:0.2471974492073059, rse:0.7275882959365845, corr:[0.35360458 0.34967566 0.3454835  0.34123084 0.3370478  0.33292007
 0.3290824  0.32544178 0.32191575 0.3185196  0.31528845 0.31234953
 0.3099662  0.30801705 0.3066307  0.30567366 0.30488154 0.30449206
 0.30426273 0.30420884 0.30435866 0.30464855 0.30516726 0.30571488
 0.30618733 0.3068151  0.30731338 0.3077453  0.3081912  0.3086142
 0.30916375 0.30978975 0.31056613 0.31130165 0.31226894 0.31310755
 0.31432703 0.31564763 0.31696925 0.31809092 0.31913137 0.32000607
 0.32089445 0.32172897 0.32245275 0.32318923 0.32385233 0.32448325]

1_DLinear_custom_future_ftMS_sl300_ll48_pl48_dm512_nh8_el2_dl1_df2048_fc1_ebtimeF_dtTrue_'Exp'_0  
mse:0.1090712919831276, mae:0.2471974492073059, rse:0.7275882959365845, corr:[0.35360458 0.34967566 0.3454835  0.34123084 0.3370478  0.33292007
 0.3290824  0.32544178 0.32191575 0.3185196  0.31528845 0.31234953
 0.3099662  0.30801705 0.3066307  0.30567366 0.30488154 0.30449206
 0.30426273 0.30420884 0.30435866 0.30464855 0.30516726 0.30571488
 0.30618733 0.3068151  0.30731338 0.3077453  0.3081912  0.3086142
 0.30916375 0.30978975 0.31056613 0.31130165 0.31226894 0.31310755
 0.31432703 0.31564763 0.31696925 0.31809092 0.31913137 0.32000607
 0.32089445 0.32172897 0.32245275 0.32318923 0.32385233 0.32448325]

1_DLinear_custom_merge_ftMS_sl300_ll48_pl48_dm512_nh8_el2_dl1_df2048_fc1_ebtimeF_dtTrue_'Exp'_0  
mse:0.1090712919831276, mae:0.2471974492073059, rse:0.7275882959365845, corr:[0.35360458 0.34967566 0.3454835  0.34123084 0.3370478  0.33292007
 0.3290824  0.32544178 0.32191575 0.3185196  0.31528845 0.31234953
 0.3099662  0.30801705 0.3066307  0.30567366 0.30488154 0.30449206
 0.30426273 0.30420884 0.30435866 0.30464855 0.30516726 0.30571488
 0.30618733 0.3068151  0.30731338 0.3077453  0.3081912  0.3086142
 0.30916375 0.30978975 0.31056613 0.31130165 0.31226894 0.31310755
 0.31432703 0.31564763 0.31696925 0.31809092 0.31913137 0.32000607
 0.32089445 0.32172897 0.32245275 0.32318923 0.32385233 0.32448325]

1_DLinear_Merge_custom_merge_ftMS_sl300_ll48_pl48_dm512_nh8_el2_dl1_df2048_fc1_ebtimeF_dtTrue_'Exp'_0  
mse:0.30437803268432617, mae:0.43777263164520264, rse:1.2154500484466553, corr:[0.19727834 0.18898511 0.1803454  0.1715139  0.16260564 0.1536469
 0.14491384 0.13648704 0.1283603  0.12064032 0.11353971 0.10695023
 0.10104888 0.09611794 0.0917832  0.08785355 0.08437765 0.08117284
 0.07823478 0.0753583  0.07240149 0.06970991 0.0670109  0.06443919
 0.06162068 0.05897322 0.05658253 0.05407474 0.05150034 0.04937965
 0.04741758 0.04552547 0.0437659  0.04227304 0.04103196 0.03998922
 0.0392276  0.03850733 0.03781788 0.03715015 0.03606981 0.03455326
 0.0334222  0.03276165 0.03194053 0.03094806 0.03014998 0.02925059]

1_DLinear_Merge_custom_merge_ftMS_sl300_ll48_pl48_dm512_nh8_el2_dl1_df2048_fc1_ebtimeF_dtTrue_'Exp'_0  
mse:0.11082091182470322, mae:0.27322694659233093, rse:0.7334007024765015, corr:[0.3657706  0.36473224 0.36313084 0.3617655  0.36021748 0.35886383
 0.35773677 0.35657245 0.35573784 0.3546711  0.35394603 0.3534751
 0.35290584 0.3524091  0.35221085 0.35188922 0.35164282 0.35180384
 0.35190052 0.35246855 0.35242388 0.3529669  0.3535335  0.35463595
 0.35551465 0.3565825  0.35785377 0.35898644 0.36007506 0.36105853
 0.36225426 0.36322033 0.36411697 0.3651813  0.36624873 0.3677052
 0.3687261  0.3699548  0.37132058 0.37276554 0.37436756 0.3759574
 0.37736124 0.37858868 0.37969863 0.3806021  0.3816511  0.38287926]

1_DLinear_Merge_custom_merge_ftMS_sl200_ll48_pl48_dm512_nh8_el2_dl1_df2048_fc1_ebtimeF_dtTrue_'Exp'_0  
mse:0.12376878410577774, mae:0.2882433533668518, rse:0.7750612497329712, corr:[0.3555028  0.35367042 0.35161296 0.3497372  0.34817135 0.34669268
 0.34525627 0.3442252  0.34295973 0.34187752 0.34102663 0.34053677
 0.3405127  0.34008154 0.3399043  0.33982462 0.33997843 0.3400634
 0.34066996 0.34107196 0.3415686  0.34235576 0.343327   0.3445504
 0.34565285 0.34680086 0.3476903  0.34946543 0.3508264  0.35198927
 0.35352683 0.35476065 0.3561861  0.357747   0.35904402 0.36092284
 0.36280245 0.3646818  0.3663371  0.36821327 0.3697941  0.37174368
 0.37348583 0.37518638 0.3764439  0.37767464 0.37876981 0.37971088]

1_DLinear_Merge_custom_merge_ftMS_sl200_ll48_pl48_dm512_nh8_el2_dl1_df2048_fc1_ebtimeF_dtTrue_'Exp'_0  
mse:0.12376878410577774, mae:0.2882433533668518, rse:0.7750612497329712, corr:[0.3555028  0.35367042 0.35161296 0.3497372  0.34817135 0.34669268
 0.34525627 0.3442252  0.34295973 0.34187752 0.34102663 0.34053677
 0.3405127  0.34008154 0.3399043  0.33982462 0.33997843 0.3400634
 0.34066996 0.34107196 0.3415686  0.34235576 0.343327   0.3445504
 0.34565285 0.34680086 0.3476903  0.34946543 0.3508264  0.35198927
 0.35352683 0.35476065 0.3561861  0.357747   0.35904402 0.36092284
 0.36280245 0.3646818  0.3663371  0.36821327 0.3697941  0.37174368
 0.37348583 0.37518638 0.3764439  0.37767464 0.37876981 0.37971088]

1_DLinear_Merge_Seq2Seq_custom_merge_ftMS_sl300_ll48_pl48_dm512_nh8_el2_dl1_df2048_fc1_ebtimeF_dtTrue_'Exp'_0  
mse:0.09271793812513351, mae:0.23171116411685944, rse:0.6708297729492188, corr:[0.3575479  0.35350576 0.35241508 0.34782436 0.34707457 0.34713402
 0.3430997  0.34026158 0.34286708 0.33968455 0.33688667 0.33700582
 0.3394803  0.3364279  0.33509848 0.33705166 0.3381479  0.34034115
 0.33990213 0.3406396  0.34677273 0.34635207 0.3484447  0.349198
 0.35547683 0.35390684 0.35841125 0.36034292 0.36229372 0.3652578
 0.3660184  0.36543468 0.36899307 0.36896122 0.36793444 0.368684
 0.3702942  0.3750687  0.37703344 0.3768622  0.3787762  0.38298708
 0.38109943 0.38194075 0.3824279  0.38402903 0.38005796 0.3777771 ]

1_DLinear_Merge_Seq2Seq_custom_merge_ftMS_sl300_ll48_pl48_dm512_nh8_el2_dl1_df2048_fc1_ebtimeF_dtTrue_'Exp'_0  
mse:0.107828289270401, mae:0.2582142949104309, rse:0.7234305739402771, corr:[0.35538495 0.34994003 0.35209563 0.34915656 0.35007018 0.34803337
 0.34834197 0.34723723 0.35046417 0.34625044 0.34369472 0.34739482
 0.3477105  0.34728217 0.34692985 0.34810248 0.3507481  0.35009238
 0.352164   0.35117054 0.3544839  0.35526714 0.35693717 0.3588066
 0.36242557 0.36131603 0.36437497 0.36627483 0.36709976 0.37012258
 0.37025702 0.37021682 0.37051272 0.373193   0.37265486 0.37408543
 0.37696177 0.37916222 0.3792542  0.37836096 0.3801034  0.38354358
 0.3794928  0.38135558 0.37952632 0.37909374 0.3729122  0.36841106]

1_DLinear_Merge_Seq2Seq_custom_merge_ftMS_sl300_ll48_pl48_dm512_nh8_el2_dl1_df2048_fc1_ebtimeF_dtTrue_'Exp'_0  
mse:0.09271793812513351, mae:0.23171116411685944, rse:0.6708297729492188, corr:[0.3575479  0.35350576 0.35241508 0.34782436 0.34707457 0.34713402
 0.3430997  0.34026158 0.34286708 0.33968455 0.33688667 0.33700582
 0.3394803  0.3364279  0.33509848 0.33705166 0.3381479  0.34034115
 0.33990213 0.3406396  0.34677273 0.34635207 0.3484447  0.349198
 0.35547683 0.35390684 0.35841125 0.36034292 0.36229372 0.3652578
 0.3660184  0.36543468 0.36899307 0.36896122 0.36793444 0.368684
 0.3702942  0.3750687  0.37703344 0.3768622  0.3787762  0.38298708
 0.38109943 0.38194075 0.3824279  0.38402903 0.38005796 0.3777771 ]

1_DLinear_custom_ftMS_sl300_ll48_pl48_dm512_nh8_el2_dl1_df2048_fc1_ebtimeF_dtTrue_'Exp'_0  
mse:0.10192245990037918, mae:0.23339758813381195, rse:0.7033401727676392, corr:[0.36090395 0.35710722 0.35257113 0.34743097 0.34198707 0.33686668
 0.3325696  0.32812297 0.32480842 0.32090285 0.3164603  0.3124588
 0.3089436  0.30615798 0.30489358 0.30477583 0.30450168 0.30422822
 0.30379817 0.30399165 0.30403647 0.30468315 0.30533427 0.30555853
 0.30580583 0.30607754 0.3067794  0.30704084 0.3066565  0.3063507
 0.30621347 0.3055621  0.3054883  0.30550197 0.30610186 0.3073103
 0.30815962 0.309194   0.3102133  0.31105435 0.31175953 0.31264418
 0.3138245  0.31498468 0.31575322 0.31639445 0.3166145  0.31666005]

1_DLinear_Merge_Seq2Seq_custom_future_ftMS_sl300_ll48_pl48_dm512_nh8_el2_dl1_df2048_fc1_ebtimeF_dtTrue_'Exp'_0  
mse:0.1083633154630661, mae:0.2488580048084259, rse:0.7252230644226074, corr:[0.3494444  0.34352264 0.34124354 0.33774397 0.3350461  0.3293011
 0.3249659  0.32054347 0.31917563 0.31321192 0.30984324 0.30622977
 0.3056347  0.30436277 0.30366644 0.30580145 0.30443913 0.30540437
 0.30785805 0.3028266  0.30656305 0.30622616 0.30879262 0.30960974
 0.31384805 0.3146944  0.31700388 0.31903064 0.3198936  0.32203978
 0.3249286  0.32471102 0.32561728 0.3305292  0.33165672 0.33027267
 0.33536905 0.33776423 0.34092766 0.3405498  0.34044707 0.3455575
 0.344703   0.34430006 0.34290335 0.3436095  0.3441603  0.3417744 ]

1_DLinear_Merge_Seq2Seq_custom_merge_multivar_ftMS_sl300_ll48_pl48_dm512_nh8_el2_dl1_df2048_fc1_ebtimeF_dtTrue_'Exp'_0  
mse:0.32718920707702637, mae:0.470052033662796, rse:1.2601722478866577, corr:[0.36267284 0.3598336  0.3540373  0.35787275 0.35758263 0.3573964
 0.35837066 0.35941836 0.35109916 0.35519662 0.35772222 0.35511482
 0.3544022  0.3561944  0.3583303  0.35167915 0.3521519  0.35739878
 0.35413018 0.35375595 0.35513273 0.35502943 0.35212746 0.3583231
 0.35804462 0.35957262 0.35755628 0.35784116 0.35966375 0.36090952
 0.35922757 0.36346674 0.36225665 0.36281338 0.36274853 0.36405718
 0.36199152 0.3644815  0.36328208 0.3605316  0.3591805  0.36237663
 0.3593633  0.3578686  0.35373607 0.35366365 0.34790856 0.34831306]

1_DLinear_Merge_Seq2Seq_custom_merge_ftMS_sl300_ll48_pl48_dm512_nh8_el2_dl1_df2048_fc1_ebtimeF_dtTrue_'Exp'_0  
mse:0.08821345120668411, mae:0.22574807703495026, rse:0.6543315649032593, corr:[0.35675704 0.35469523 0.35016963 0.34842956 0.3457961  0.34449372
 0.34170577 0.3405092  0.34070727 0.33883968 0.3376643  0.33956543
 0.33982933 0.34109545 0.3406193  0.34273845 0.34605065 0.3431244
 0.3462346  0.34638444 0.34783378 0.3503744  0.34951577 0.35137644
 0.35175133 0.35307992 0.35562575 0.35408297 0.35739517 0.35906634
 0.35913616 0.35696265 0.3577726  0.36374548 0.36407995 0.36527532
 0.36731228 0.36690757 0.36929893 0.3666884  0.3727784  0.37168333
 0.3728461  0.37391308 0.37341043 0.3710103  0.371104   0.36672318]

1_DLinear_Merge_Seq2Seq_custom_merge_ftMS_sl800_ll48_pl192_dm512_nh8_el2_dl1_df2048_fc1_ebtimeF_dtTrue_'Exp'_0  
mse:0.1850184053182602, mae:0.34022286534309387, rse:0.9390822052955627, corr:[0.35106212 0.35229635 0.34697846 0.3427335  0.34595045 0.34847286
 0.3505918  0.34854046 0.34653112 0.34028372 0.33783075 0.34063956
 0.3430469  0.3413929  0.34742042 0.343945   0.3420662  0.34105933
 0.34300327 0.34002075 0.34092247 0.3423413  0.3397904  0.33683494
 0.34708285 0.3400898  0.33780196 0.33352965 0.33866903 0.3338189
 0.33993578 0.3443487  0.3493173  0.35035753 0.34359974 0.34588626
 0.34667206 0.34471056 0.34573635 0.3507407  0.3536647  0.34973067
 0.3553676  0.35569942 0.3475389  0.35613298 0.36200988 0.3628013
 0.36038697 0.35454994 0.36252975 0.3623949  0.3600061  0.35668766
 0.355838   0.3597741  0.36450455 0.3635727  0.35887972 0.35874122
 0.35873443 0.36242035 0.3581211  0.36564222 0.36543727 0.37160555
 0.37266302 0.3727199  0.3715716  0.3725795  0.37261862 0.37171626
 0.37724265 0.3721119  0.3724832  0.37790352 0.37496173 0.37655398
 0.37075275 0.3757213  0.37181678 0.37742537 0.36902353 0.37073848
 0.3744423  0.3712939  0.37364304 0.3769255  0.37839285 0.37597838
 0.3766149  0.37265098 0.37476775 0.3752365  0.3754551  0.3727846
 0.37674266 0.37920582 0.37622756 0.37464297 0.37300724 0.37488836
 0.37238038 0.37133494 0.3717194  0.37211186 0.36867395 0.3721295
 0.37265307 0.37136775 0.36960497 0.36944178 0.37061125 0.36889544
 0.36948764 0.37442937 0.37353247 0.37189093 0.37460142 0.37005195
 0.37767386 0.37420517 0.37820038 0.374784   0.37546188 0.37763983
 0.37518615 0.37301096 0.3716243  0.36937228 0.3764691  0.36859295
 0.37288943 0.36959404 0.3656878  0.36767772 0.36549643 0.3662672
 0.37039042 0.37084565 0.3755778  0.37188765 0.3712556  0.36905906
 0.37007114 0.3729984  0.37334108 0.37045404 0.37217402 0.36899185
 0.36598277 0.36809996 0.36503425 0.36125624 0.36631733 0.36732176
 0.3664309  0.36755836 0.36356747 0.3658732  0.35923073 0.36603537
 0.36305308 0.36370707 0.36567843 0.35949093 0.3690142  0.36418286
 0.36281794 0.36384282 0.37216225 0.36406562 0.3630149  0.36575198
 0.36882767 0.3657298  0.36751106 0.3600579  0.36620325 0.36993656
 0.3663365  0.36290318 0.36858752 0.36519083 0.37363344 0.36823973
 0.3671799  0.37030786 0.37095156 0.36760288 0.369384   0.36524215]

1_DLinear_Merge_Seq2Seq_custom_merge_ftMS_sl1000_ll48_pl192_dm512_nh8_el2_dl1_df2048_fc1_ebtimeF_dtTrue_'Exp'_0  
mse:0.194293811917305, mae:0.3506915867328644, rse:0.9623335599899292, corr:[0.35104677 0.3488803  0.34974295 0.3542551  0.3526181  0.34931418
 0.3503083  0.34884828 0.3504113  0.35021353 0.34505042 0.3463706
 0.3493824  0.3468891  0.3503643  0.3504351  0.35645598 0.3515184
 0.35214442 0.35911712 0.3629634  0.36190662 0.36330318 0.36617646
 0.36314657 0.3677547  0.36872074 0.36773974 0.37203673 0.3732616
 0.37127703 0.37183467 0.37162194 0.3715585  0.3766412  0.3746988
 0.3778557  0.3793902  0.37933683 0.37771097 0.38052312 0.38148952
 0.38367578 0.3823512  0.38163924 0.3809609  0.38431576 0.38135725
 0.3820839  0.38568676 0.3829437  0.38188437 0.378895   0.37959903
 0.37908873 0.3738003  0.37229845 0.3758439  0.37401247 0.37536538
 0.3696584  0.37248832 0.37458107 0.37011135 0.37193844 0.37181872
 0.3697292  0.3729568  0.3716464  0.3755119  0.37571675 0.37749416
 0.37128326 0.37305441 0.3694049  0.36525685 0.36590147 0.36635983
 0.3705794  0.37087676 0.3685063  0.36990133 0.3659933  0.36619288
 0.36849302 0.3731647  0.37193713 0.3707552  0.37620437 0.37374368
 0.37344784 0.3765128  0.3711637  0.36873287 0.3751239  0.37435552
 0.372219   0.37848493 0.37058237 0.36595607 0.36626196 0.358638
 0.364811   0.35705775 0.3559313  0.35029152 0.35367724 0.35830346
 0.3589759  0.35490647 0.3593451  0.35927784 0.3701031  0.36830378
 0.36656642 0.36447608 0.3645119  0.36862698 0.36683097 0.37706462
 0.37729904 0.37553775 0.37492365 0.37596214 0.374098   0.37717023
 0.37635738 0.37793648 0.37781334 0.37176657 0.37303042 0.37314257
 0.37401435 0.36820674 0.37111887 0.37084612 0.36652723 0.36693698
 0.36849716 0.36676666 0.36845618 0.36471343 0.3668552  0.36755955
 0.36812958 0.3675904  0.36577046 0.36568928 0.36770794 0.3679208
 0.3702386  0.3669967  0.37277195 0.36503276 0.36862618 0.37231663
 0.37268618 0.37079477 0.36965004 0.36549002 0.37080073 0.3728184
 0.37234932 0.3740004  0.3756093  0.37728956 0.3792933  0.37688744
 0.3765058  0.3762413  0.37457988 0.3716695  0.37781736 0.37515166
 0.3733464  0.37428173 0.37028366 0.37207958 0.3735274  0.36467353
 0.36425495 0.36616707 0.36759484 0.3669503  0.36514658 0.36886927
 0.36606142 0.36769545 0.36129645 0.3659111  0.36443877 0.3640923 ]

1_DLinear_custom_ftMS_sl1000_ll48_pl192_dm512_nh8_el2_dl1_df2048_fc1_ebtimeF_dtTrue_'Exp'_0  
mse:0.1407846063375473, mae:0.2899894714355469, rse:0.8191693425178528, corr:[0.35977697 0.35644725 0.3510362  0.34692848 0.34396312 0.34074837
 0.33802715 0.33449176 0.3317681  0.32813206 0.3243254  0.3208512
 0.31794995 0.31623513 0.31527767 0.31446695 0.3145034  0.31428105
 0.31446156 0.31480414 0.31460363 0.3150533  0.3150146  0.31420383
 0.31396654 0.3145502  0.3153722  0.31632906 0.31830275 0.31968498
 0.31956393 0.320521   0.32107863 0.3215693  0.32224536 0.32228735
 0.32355082 0.32479653 0.3252994  0.32674658 0.32722008 0.32824358
 0.3299078  0.3306906  0.3310117  0.33058375 0.33100265 0.3314618
 0.3320972  0.33331192 0.3345114  0.33591413 0.33653384 0.33748233
 0.33820754 0.33893555 0.34034973 0.34175137 0.34250143 0.34289414
 0.34369597 0.3435776  0.34396812 0.34386814 0.34427345 0.34433317
 0.34446716 0.34417495 0.3440246  0.34486362 0.3443887  0.3431031
 0.34317178 0.34314063 0.34264866 0.34303656 0.34355357 0.34391353
 0.3446474  0.3443676  0.34421533 0.3449337  0.34557778 0.34623447
 0.3463609  0.34736866 0.34723425 0.34769976 0.34778675 0.34795633
 0.34766933 0.34766352 0.34718433 0.34680602 0.3459668  0.3443859
 0.34355333 0.34123287 0.33857855 0.33616182 0.33503088 0.33353072
 0.33250964 0.3315734  0.3313898  0.33044678 0.32957557 0.3287133
 0.32722887 0.32568    0.32498258 0.32462654 0.32406956 0.32275394
 0.322103   0.3208361  0.32047147 0.31981233 0.319068   0.3170942
 0.31518888 0.31355038 0.31179023 0.3106273  0.31104153 0.31304142
 0.31428817 0.31409597 0.31479535 0.31536174 0.3159024  0.31508815
 0.3144444  0.31510633 0.31582007 0.31610233 0.3152977  0.3150795
 0.31470194 0.3143279  0.3148996  0.3143258  0.31373894 0.31251243
 0.3116829  0.31167644 0.311844   0.3109955  0.31054938 0.30978018
 0.31056422 0.31098205 0.31213006 0.3132393  0.31429037 0.3148186
 0.31543547 0.3156092  0.31513566 0.3136273  0.31239954 0.31247848
 0.3127345  0.31269476 0.31277484 0.3132648  0.31418207 0.31442732
 0.31460905 0.31539816 0.31573316 0.3166936  0.31785432 0.31784728
 0.31808853 0.31780583 0.31743744 0.3176021  0.31845126 0.3189816
 0.31879896 0.31901902 0.31932497 0.3194766  0.3194909  0.31945077
 0.31979266 0.31970257 0.31930226 0.31976    0.31950307 0.31851628]

1_DLinear_Merge_Seq2Seq_Multivar_custom_merge_multivar_ftMS_sl1000_ll48_pl192_dm512_nh8_el2_dl1_df2048_fc1_ebtimeF_dtTrue_'Exp'_0  
mse:0.23370273411273956, mae:0.4026203751564026, rse:1.0554265975952148, corr:[0.36825338 0.36601162 0.36710855 0.3667907  0.3660416  0.3627765
 0.36458755 0.36489105 0.36481258 0.36834708 0.36694247 0.36933938
 0.37091792 0.36916637 0.371813   0.37298742 0.37257877 0.37300822
 0.37333968 0.37500986 0.3750314  0.37607315 0.37617016 0.37770084
 0.37697265 0.37609634 0.38124016 0.37994936 0.3801157  0.37916756
 0.37667096 0.37929597 0.37839398 0.37504095 0.37481818 0.37385452
 0.37707484 0.37142462 0.37477484 0.37947077 0.3761465  0.37522292
 0.3719176  0.37506792 0.37441275 0.37708044 0.37329322 0.3767533
 0.3739705  0.37743232 0.37624568 0.38106933 0.38150558 0.38227525
 0.38068938 0.38247496 0.37548774 0.38149917 0.3840207  0.3800903
 0.3798337  0.382035   0.37457052 0.3782781  0.38362437 0.3790463
 0.3795868  0.3809787  0.37871155 0.3783551  0.38071257 0.36753702
 0.36783785 0.37348285 0.37729892 0.37611628 0.37307894 0.37621668
 0.37425926 0.3812702  0.38064793 0.3782775  0.38023257 0.38022253
 0.37873375 0.38068682 0.37971354 0.38445404 0.37881893 0.3853616
 0.37672997 0.3848632  0.37613124 0.37497893 0.3793521  0.37788257
 0.37669742 0.3792341  0.37852207 0.37595657 0.3742589  0.3753511
 0.37149352 0.3730944  0.37503794 0.37717867 0.3756885  0.37312952
 0.3717152  0.37332752 0.37758628 0.37239075 0.3713209  0.3736462
 0.37707356 0.37627307 0.37288815 0.37566787 0.37871134 0.37707654
 0.37607664 0.3743481  0.36830142 0.36807364 0.3640265  0.36870643
 0.36635295 0.37013134 0.3651747  0.36700234 0.3625912  0.36073688
 0.357862   0.35850963 0.36220714 0.35304904 0.35892645 0.36109543
 0.35861027 0.3623448  0.36138424 0.35760885 0.36031535 0.35920966
 0.35405096 0.35643783 0.35456145 0.3536449  0.35140404 0.35318476
 0.3526303  0.34803095 0.34886253 0.3462641  0.3527892  0.34978023
 0.34625986 0.3509003  0.3513033  0.3497849  0.35486725 0.35091636
 0.3562009  0.34846795 0.35188928 0.35143    0.34663472 0.35121992
 0.34497604 0.35170427 0.35560015 0.35486937 0.35435745 0.3633089
 0.36450598 0.3595759  0.35505036 0.35202992 0.35815945 0.3587727
 0.35866198 0.35945284 0.3496179  0.3597935  0.3590629  0.35556316
 0.3536335  0.3587301  0.36253923 0.35148436 0.34455988 0.35606113]

1_DLinear_Merge_Seq2Seq_Multivar_custom_merge_multivar_ftMS_sl300_ll48_pl192_dm512_nh8_el2_dl1_df2048_fc1_ebtimeF_dtTrue_'Exp'_0  
mse:0.1529569923877716, mae:0.3140784800052643, rse:0.8232046961784363, corr:[0.2829963  0.3446074  0.35292017 0.35145855 0.34854987 0.34512565
 0.3425993  0.33980143 0.33722934 0.33551058 0.3343732  0.33343986
 0.3326757  0.333379   0.33436394 0.33497652 0.336608   0.33811882
 0.33953843 0.34110445 0.34276542 0.34393135 0.3460184  0.34753555
 0.34904566 0.35045323 0.35103193 0.35242793 0.3537535  0.35479876
 0.35603422 0.35762447 0.35934877 0.36096177 0.3625386  0.36440045
 0.3655473  0.3661642  0.36720812 0.36755455 0.368266   0.36862433
 0.36891174 0.36891466 0.36907208 0.3691385  0.36905605 0.369171
 0.3690295  0.36872715 0.36848953 0.3681923  0.36802047 0.3678728
 0.36790526 0.36816967 0.36802524 0.36779204 0.36772227 0.36791506
 0.3687913  0.3686917  0.36953184 0.37035143 0.37102997 0.37160224
 0.37216723 0.3726781  0.37285218 0.37314174 0.3730641  0.37313038
 0.37366098 0.37301743 0.37299898 0.3729661  0.37303203 0.37223247
 0.37192622 0.3714712  0.37125838 0.37089843 0.37051445 0.36990806
 0.36946303 0.36928326 0.36889225 0.3680818  0.36744636 0.36690664
 0.3663291  0.36601672 0.3656582  0.3649375  0.36425725 0.36331666
 0.3624313  0.36181536 0.36121657 0.36128756 0.36106497 0.36139247
 0.36199173 0.36241603 0.36330292 0.36362022 0.3638127  0.36397955
 0.36382097 0.36370867 0.36326185 0.36302266 0.36279804 0.3630093
 0.36324054 0.36236915 0.3618504  0.36138862 0.36109707 0.36059418
 0.3602791  0.3597087  0.35895416 0.35864973 0.35842842 0.35793796
 0.3577551  0.35826507 0.3582881  0.35820186 0.35804996 0.35827008
 0.35866696 0.3590076  0.3590874  0.3592028  0.35883892 0.3588897
 0.35884875 0.3585983  0.3586207  0.3587222  0.35876334 0.35870078
 0.3586901  0.35870364 0.35843876 0.3588479  0.3586475  0.35832182
 0.3583035  0.3583934  0.35812885 0.35782832 0.35800362 0.35804972
 0.3580429  0.35791615 0.35852343 0.35885423 0.3588141  0.35893923
 0.35941508 0.35919762 0.35970083 0.36046585 0.36047575 0.3607291
 0.3608036  0.360772   0.36128864 0.36186287 0.36181945 0.36207926
 0.36238483 0.36288086 0.36340937 0.36396325 0.3644689  0.36507267
 0.3655525  0.366287   0.3665372  0.36706004 0.3675817  0.36793375
 0.36849853 0.3689288  0.3695961  0.3700703  0.3700983  0.36970466]

1_DLinear_custom_ftMS_sl300_ll48_pl192_dm512_nh8_el2_dl1_df2048_fc1_ebtimeF_dtTrue_'Exp'_0  
mse:0.1461888998746872, mae:0.30021440982818604, rse:0.8347440958023071, corr:[0.35891253 0.35553867 0.35109532 0.34627837 0.34179163 0.33729133
 0.33312455 0.32867897 0.32482514 0.32026252 0.3161078  0.3120081
 0.30859885 0.30555105 0.30343217 0.30218896 0.30099595 0.29931483
 0.2986359  0.2982988  0.2978288  0.29790995 0.29902804 0.29934838
 0.30007884 0.30012286 0.30027568 0.3009339  0.30139336 0.30131543
 0.30150828 0.302069   0.3030486  0.30401498 0.30497    0.30519062
 0.3064071  0.30743    0.30815136 0.3094251  0.31070906 0.31263593
 0.3136051  0.31466877 0.3153664  0.31583282 0.31694138 0.3173592
 0.3181897  0.3194668  0.32041624 0.32172343 0.32245743 0.3221557
 0.3230558  0.3238963  0.32504857 0.3257788  0.3266693  0.32730708
 0.32794535 0.32847652 0.32835227 0.32864678 0.32874072 0.3288615
 0.32971156 0.33103105 0.33115935 0.33110493 0.33172244 0.33180434
 0.33211946 0.3322026  0.33296072 0.33311298 0.3335795  0.33417147
 0.33404458 0.33464342 0.33508945 0.3353108  0.33537382 0.33564338
 0.33573708 0.33595672 0.33607495 0.3363206  0.33627987 0.33616215
 0.33653387 0.3360805  0.3361833  0.33620554 0.33618316 0.33556467
 0.33448988 0.33292174 0.3315465  0.3300712  0.3284838  0.32724085
 0.32622433 0.32460055 0.32342678 0.32267657 0.32137126 0.3200557
 0.3184157  0.3173501  0.31639376 0.31542483 0.31386587 0.31214708
 0.31046942 0.30866542 0.30719915 0.3054439  0.30391234 0.30301264
 0.3023043  0.30182192 0.3018963  0.3015274  0.3015539  0.30098167
 0.30068693 0.3001394  0.29900762 0.29874122 0.2985225  0.29820517
 0.29787683 0.29811606 0.29722148 0.29674965 0.29577446 0.2952975
 0.29508892 0.29461393 0.2949959  0.29525748 0.29394972 0.29375035
 0.2938295  0.29354393 0.29335177 0.29368713 0.29372862 0.2938802
 0.2952267  0.2962432  0.2970286  0.2979808  0.29812348 0.29839653
 0.2983226  0.2985535  0.29907963 0.29966098 0.30075383 0.30175608
 0.30137482 0.30102217 0.3006739  0.3005882  0.30096495 0.30118728
 0.30209988 0.30239105 0.3020814  0.30180618 0.30198532 0.3013911
 0.30114296 0.3006134  0.30037594 0.29951295 0.2989624  0.29882282
 0.29935485 0.29999962 0.30015028 0.30092692 0.3020815  0.30274805
 0.303526   0.30389225 0.30411607 0.30418047 0.30406713 0.30383006]

1_DLinear_custom_ftMS_sl300_ll48_pl192_dm512_nh8_el2_dl1_df2048_fc1_ebtimeF_dtTrue_'Exp'_0  
mse:0.1461888998746872, mae:0.30021440982818604, rse:0.8347440958023071, corr:[0.3589125  0.35553864 0.35109532 0.34627834 0.3417916  0.33729133
 0.3331245  0.32867897 0.32482514 0.32026252 0.31610778 0.31200808
 0.3085989  0.30555105 0.30343217 0.30218896 0.30099595 0.2993148
 0.29863593 0.2982988  0.29782885 0.29790998 0.29902798 0.2993484
 0.3000788  0.30012286 0.30027565 0.3009339  0.3013934  0.3013155
 0.30150828 0.302069   0.3030486  0.30401498 0.30496994 0.30519062
 0.3064071  0.30743    0.30815136 0.30942506 0.3107091  0.3126359
 0.3136051  0.3146688  0.31536633 0.31583276 0.31694138 0.31735915
 0.3181897  0.31946677 0.3204163  0.32172343 0.32245737 0.3221557
 0.3230558  0.32389632 0.32504857 0.32577875 0.3266693  0.32730716
 0.3279453  0.32847652 0.32835236 0.32864678 0.3287408  0.32886142
 0.3297115  0.33103102 0.33115935 0.33110493 0.33172238 0.33180442
 0.33211944 0.3322026  0.33296072 0.33311284 0.3335795  0.3341714
 0.3340445  0.33464342 0.33508942 0.3353108  0.3353738  0.33564335
 0.33573708 0.33595672 0.33607495 0.33632058 0.3362798  0.33616218
 0.33653384 0.33608055 0.3361834  0.33620548 0.33618313 0.33556467
 0.33448988 0.3329217  0.3315465  0.33007124 0.3284838  0.32724088
 0.32622427 0.32460052 0.32342684 0.32267657 0.32137135 0.3200557
 0.31841567 0.3173501  0.3163938  0.31542483 0.31386593 0.31214705
 0.31046942 0.30866545 0.30719918 0.30544382 0.30391234 0.30301267
 0.3023042  0.30182192 0.3018963  0.3015273  0.3015539  0.3009817
 0.300687   0.30013943 0.2990077  0.29874125 0.29852256 0.2982052
 0.2978769  0.2981161  0.29722145 0.29674965 0.29577443 0.29529747
 0.29508892 0.2946139  0.29499584 0.29525742 0.29394972 0.2937504
 0.2938295  0.29354388 0.29335177 0.29368713 0.2937286  0.29388022
 0.29522666 0.29624313 0.29702854 0.29798067 0.29812354 0.29839653
 0.2983226  0.2985535  0.29907966 0.29966098 0.3007539  0.30175602
 0.30137488 0.30102217 0.3006739  0.30058813 0.30096495 0.30118737
 0.30209985 0.30239114 0.30208144 0.30180618 0.30198535 0.30139112
 0.30114296 0.30061343 0.300376   0.299513   0.29896244 0.29882282
 0.29935482 0.29999962 0.30015025 0.30092695 0.30208153 0.30274805
 0.303526   0.30389225 0.3041161  0.30418047 0.3040671  0.30383006]

1_DLinear_custom_ftMS_sl300_ll48_pl192_dm512_nh8_el2_dl1_df2048_fc1_ebtimeF_dtTrue_'Exp'_0  
mse:0.14746955037117004, mae:0.3037653863430023, rse:0.8383923768997192, corr:[0.35254413 0.3486142  0.34424102 0.33977482 0.3355897  0.33208138
 0.32854468 0.32510513 0.3219256  0.31947777 0.31711194 0.3136796
 0.31080452 0.3087812  0.30731368 0.30667648 0.3057533  0.30501723
 0.30485672 0.3046733  0.3038211  0.30342668 0.30326927 0.3029813
 0.30295882 0.3043659  0.3046715  0.30424944 0.30432543 0.3047054
 0.3044012  0.30485222 0.3049044  0.30451673 0.30489677 0.305916
 0.30656725 0.30670935 0.3083253  0.31016755 0.31214032 0.31314248
 0.31403765 0.31574106 0.31652606 0.31749588 0.31797066 0.31889525
 0.3193781  0.31999472 0.3210845  0.32165983 0.32259884 0.32330203
 0.3237275  0.32452434 0.32565403 0.32619768 0.32706684 0.327225
 0.3277077  0.3277671  0.32792962 0.32876778 0.32905945 0.32959208
 0.33015555 0.33024898 0.33021873 0.33118042 0.33164066 0.33200023
 0.33201766 0.3322768  0.33275196 0.33321047 0.33355346 0.33461583
 0.33455157 0.33479014 0.33523822 0.3348622  0.33532867 0.33580282
 0.33616012 0.33681273 0.33761    0.33789578 0.3375623  0.33733004
 0.337294   0.33753574 0.33678284 0.3357227  0.33518466 0.33453205
 0.33325264 0.33162245 0.33015317 0.3284857  0.32716608 0.32567507
 0.32394803 0.32240504 0.32100195 0.31897193 0.31745994 0.31640673
 0.31502458 0.31372917 0.3118507  0.3103882  0.3091756  0.30807918
 0.30720255 0.3055295  0.3041067  0.30259642 0.30236915 0.30211377
 0.3013348  0.30105606 0.30078945 0.29986784 0.2993947  0.29890913
 0.29895702 0.2984173  0.29816628 0.29756004 0.29687494 0.296373
 0.2959196  0.2949071  0.293166   0.29303634 0.2927524  0.29271126
 0.2920162  0.291495   0.29084763 0.29101408 0.2912464  0.29213196
 0.29169318 0.29153958 0.2917391  0.2919714  0.2920028  0.29107168
 0.29100007 0.29131138 0.29235622 0.29297996 0.2939637  0.29473656
 0.29529217 0.29597437 0.29687482 0.2979115  0.29827622 0.2985351
 0.29884768 0.30000198 0.30008554 0.29993513 0.29965964 0.29994422
 0.2998468  0.29961064 0.30019546 0.300179   0.3005979  0.30062968
 0.29992092 0.30059657 0.3009357  0.30091882 0.30142424 0.30200896
 0.30217192 0.3019567  0.30199683 0.3025628  0.30288413 0.30260047
 0.30230206 0.30206633 0.3009918  0.30042627 0.29955745 0.29885888]

